[12, 1] 
[12, 1] 
[12, 1] 
[6, 1] 
[6, 1] 
[] 
[12, 1] 
[] 
[6, 1] 
[12, 1] 
[15, 2] 
[6, 2] 
[12, 1] 
[12, 1] 
[6, 1] 
[9, 1] 
[12, 1] 
[12, 1] 
[10, 1] 
[6, 1] 
[6, 1] 
[6, 1] 
[12, 1] 
[14, 1] 
[15, 1] 
[11] 
[] 
[5] 
[12, 1] 
[6, 1] 
[] 
[12, 1] 
[6, 1] 
[12, 1] 
[15, 4] 
[4, 1] 
[10, 1] 
[12, 1] 
[9, 1] 
[12] 
[6, 1] 
[12, 1] 
[14, 1, 14, 1] 
[12, 1] 
[9, 1] 
[6, 1] 
[] 
[] 
[6, 1] 
[12, 10] 
[12, 1] 
[202] 
[12, 2] 
[12, 10] 
[12, 2] 
[12, 10] 
[12, 1] 
[9, 3, 9, 3] 
[12, 1] 
[] 
[6, 1] 
[12, 1] 
[12, 12] 
[12, 1] 
[17] 
[9, 1] 
[6] 
[6, 1] 
[12, 1] 
[4] 
[6, 1] 
[12, 1] 
[6, 1] 
[6, 1] 
[12, 1] 
[6, 1] 
[12, 1] 
[16, 2] 
[12, 3] 
[6, 1] 
[12, 1] 
[18, 3] 
[6, 1] 
[6] 
[15, 3] 
[] 
[12, 1] 
[5, 6] 
[12, 1] 
[]  
[] 
[] 
[9, 1] 
[6, 1] 
[6, 1] 
[12, 1] 
[12, 1] 
[12, 1] 
[12, 1] 
[6, 1] 
[12, 1] 
[15] 
[] 
[12, 2] 
[12, 1] 
[12, 2] 
